<?xml version="1.0"?>
<opencv_storage>
<MeanFace type_id="opencv-matrix">
  <rows>644</rows>
  <cols>1</cols>
  <dt>f</dt>
  <data>
    -1.19880975e+006 -1.19880850e+006 -1.19880825e+006 -1198811.
    -1.19881375e+006 -1.19881563e+006 -1.19881875e+006 -1198820.
    -1198819. -1.19881788e+006 -1.19881625e+006 -1198818.
    -1.19881838e+006 -1.19882125e+006 -1.19882150e+006 -1.19882063e+006
    -1.19881838e+006 -1198815. -1.19881263e+006 -1.19881013e+006
    -1.19880963e+006 -1.19880888e+006 -1.19880950e+006 -1.19880938e+006
    -1.19880988e+006 -1.19881238e+006 -1.19881563e+006 -1.19881850e+006
    -1.19881913e+006 -1198814. -1.19881050e+006 -1.19880850e+006
    -1198809. -1.19881038e+006 -1.19880888e+006 -1.19881050e+006
    -1198813. -1198816. -1.19881763e+006 -1.19882175e+006
    -1.19882163e+006 -1.19881838e+006 -1.19881413e+006 -1.19881025e+006
    -1198810. -1.19880875e+006 -1.19880963e+006 -1.19881350e+006
    -1.19881713e+006 -1.19881963e+006 -1198814. -1.19880650e+006
    -1.19880375e+006 -1.19880113e+006 -1198800. -1198799.
    -1.19879813e+006 -1.19879925e+006 -1.19879963e+006 -1.19880213e+006
    -1.19880525e+006 -1.19880863e+006 -1.19881363e+006 -1.19881838e+006
    -1.19882488e+006 -1.19882175e+006 -1.19881613e+006 -1.19881125e+006
    -1.19880913e+006 -1.19881225e+006 -1198819. -1198822.
    -1.19881513e+006 -1.19880513e+006 -1.19879813e+006 -1.19879225e+006
    -1.19878850e+006 -1.19878788e+006 -1.19878550e+006 -1.19878538e+006
    -1.19878488e+006 -1.19878613e+006 -1198789. -1.19879163e+006
    -1.19879625e+006 -1.19880363e+006 -1.19881113e+006 -1.19881963e+006
    -1.19882638e+006 -1.19882450e+006 -1.19881638e+006 -1.19881163e+006
    -1.19881713e+006 -1198824. -1.19881875e+006 -1.19880525e+006
    -1.19879350e+006 -1.19878338e+006 -1198777. -1.19877263e+006
    -1.19877013e+006 -1.19876913e+006 -1.19877063e+006 -1.19877013e+006
    -1.19877163e+006 -1.19877275e+006 -1198777. -1.19878213e+006
    -1.19879038e+006 -1198799. -1198812. -1198823. -1.19882950e+006
    -1.19882263e+006 -1198816. -1198823. -1.19882638e+006
    -1.19881188e+006 -1.19879663e+006 -1.19878063e+006 -1.19877025e+006
    -1.19876175e+006 -1.19875750e+006 -1.19875488e+006 -1.19875413e+006
    -1.19875450e+006 -1.19875475e+006 -1.19875538e+006 -1198758.
    -1.19876263e+006 -1.19876638e+006 -1.19877513e+006 -1198785.
    -1.19880050e+006 -1198816. -1198827. -1.19882675e+006 -1198820.
    -1.19882963e+006 -1.19882575e+006 -1.19880450e+006 -1.19878488e+006
    -1198766. -1.19875375e+006 -1198746. -1.19874025e+006
    -1.19873925e+006 -1.19873888e+006 -1.19873875e+006 -1.19873938e+006
    -1.19874075e+006 -1198744. -1.19874850e+006 -1.19875263e+006
    -1.19876175e+006 -1.19877263e+006 -1.19878850e+006 -1.19880763e+006
    -1.19882313e+006 -1198830. -1.19882338e+006 -1.19883338e+006
    -1.19882238e+006 -1198800. -1198773. -1.19875350e+006
    -1.19874263e+006 -1.19873588e+006 -1198732. -1.19872938e+006
    -1.19872775e+006 -1198728. -1.19872825e+006 -1.19873050e+006
    -1.19873413e+006 -1.19873838e+006 -1.19874338e+006 -1.19875013e+006
    -1198762. -1.19877913e+006 -1.19879938e+006 -1.19881775e+006
    -1.19883188e+006 -1.19882575e+006 -1.19883325e+006 -1.19882388e+006
    -1.19879663e+006 -1.19876675e+006 -1.19874850e+006 -1.19873888e+006
    -1.19873550e+006 -1198732. -1.19872950e+006 -1198727.
    -1.19872525e+006 -1.19872425e+006 -1.19872688e+006 -1.19873138e+006
    -1.19873688e+006 -1.19874050e+006 -1.19874738e+006 -1.19875625e+006
    -1.19877350e+006 -1.19879475e+006 -1.19881550e+006 -1.19883075e+006
    -1.19882913e+006 -1.19883075e+006 -1198823. -1.19879475e+006
    -1.19876575e+006 -1.19874763e+006 -1.19873938e+006 -1.19873650e+006
    -1.19873538e+006 -1.19873413e+006 -1.19873038e+006 -1.19872725e+006
    -1.19872638e+006 -1198730. -1.19873350e+006 -1198740. -1198743.
    -1.19874675e+006 -1.19875413e+006 -1.19876913e+006 -1.19879175e+006
    -1.19881713e+006 -1198831. -1198829. -1.19882663e+006
    -1.19882025e+006 -1198792. -1198763. -1.19874775e+006
    -1.19874088e+006 -1.19874238e+006 -1.19874150e+006 -1.19874025e+006
    -1.19873638e+006 -1.19873175e+006 -1.19873113e+006 -1.19873538e+006
    -1.19874250e+006 -1.19874788e+006 -1.19875088e+006 -1.19875213e+006
    -1.19875888e+006 -1.19876875e+006 -1.19879013e+006 -1.19881950e+006
    -1.19883163e+006 -1.19882850e+006 -1.19881963e+006 -1.19881325e+006
    -1.19879038e+006 -1198764. -1198752. -1198754. -1198755.
    -1.19875463e+006 -1.19875213e+006 -1.19874625e+006 -1.19873813e+006
    -1.19873963e+006 -1198744. -1.19875350e+006 -1.19876113e+006
    -1.19876213e+006 -1.19876338e+006 -1.19876475e+006 -1.19876975e+006
    -1.19878850e+006 -1.19881788e+006 -1.19882938e+006 -1.19882463e+006
    -1.19881088e+006 -1198807. -1.19878563e+006 -1.19876575e+006
    -1.19875838e+006 -1.19875938e+006 -1.19876363e+006 -1.19876488e+006
    -1.19876150e+006 -1.19875538e+006 -1198751. -1198747.
    -1.19875275e+006 -1.19876338e+006 -1.19876813e+006 -1.19877125e+006
    -1.19877313e+006 -1.19877075e+006 -1.19877425e+006 -1.19878575e+006
    -1.19881338e+006 -1.19882425e+006 -1198818. -1.19880450e+006
    -1.19879675e+006 -1.19878213e+006 -1.19876125e+006 -1.19875725e+006
    -1.19876025e+006 -1.19876275e+006 -1.19876450e+006 -1.19875975e+006
    -1198755. -1.19875138e+006 -1.19874850e+006 -1198755.
    -1.19876550e+006 -1.19877138e+006 -1.19877388e+006 -1.19877225e+006
    -1.19877013e+006 -1.19877138e+006 -1.19878313e+006 -1.19880825e+006
    -1.19881350e+006 -1.19881225e+006 -1.19879788e+006 -1.19878275e+006
    -1198775. -1.19875288e+006 -1.19874750e+006 -1.19875075e+006
    -1198750. -1.19875050e+006 -1.19874863e+006 -1.19875013e+006
    -1.19874313e+006 -1198740. -1.19874788e+006 -1.19875775e+006
    -1.19876150e+006 -1198761. -1.19876075e+006 -1.19876025e+006
    -1.19876238e+006 -1.19877363e+006 -1.19879613e+006 -1.19880275e+006
    -1.19880825e+006 -1198796. -1.19877263e+006 -1.19876488e+006
    -1.19874425e+006 -1.19873738e+006 -1198736. -1.19873738e+006
    -1198738. -1.19873988e+006 -1.19873775e+006 -1.19873750e+006
    -1.19873675e+006 -1.19874238e+006 -1.19874488e+006 -1.19874888e+006
    -1.19874888e+006 -1198748. -1.19874838e+006 -1198754. -1198767.
    -1.19878475e+006 -1.19879225e+006 -1.19881125e+006 -1.19880175e+006
    -1.19876925e+006 -1.19875775e+006 -1.19874238e+006 -1.19873475e+006
    -1.19873175e+006 -1.19873038e+006 -1.19873325e+006 -1.19873688e+006
    -1198738. -1.19873975e+006 -1.19874050e+006 -1.19874425e+006
    -1.19874513e+006 -1.19874150e+006 -1.19874175e+006 -1.19874225e+006
    -1.19874475e+006 -1.19875013e+006 -1.19876425e+006 -1.19878088e+006
    -1.19879213e+006 -1.19881475e+006 -1.19881038e+006 -1.19877688e+006
    -1.19875925e+006 -1.19874775e+006 -1.19873788e+006 -1198735.
    -1.19873213e+006 -1.19873575e+006 -1198739. -1.19874425e+006
    -1.19874725e+006 -1.19875013e+006 -1.19875288e+006 -1.19874975e+006
    -1.19874488e+006 -1.19874175e+006 -1.19874275e+006 -1.19874688e+006
    -1.19875363e+006 -1.19876550e+006 -1.19877725e+006 -1.19879688e+006
    -1.19882050e+006 -1198818. -1.19879175e+006 -1.19876675e+006
    -1198758. -1.19874575e+006 -1.19874188e+006 -1.19874113e+006
    -1.19874113e+006 -1.19874563e+006 -1.19875163e+006 -1.19875850e+006
    -1.19875938e+006 -1198760. -1.19875538e+006 -1.19875163e+006
    -1.19874988e+006 -1.19874938e+006 -1.19875175e+006 -1198760.
    -1.19877250e+006 -1.19878450e+006 -1.19880788e+006 -1.19882463e+006
    -1.19882425e+006 -1198808. -1.19878238e+006 -1.19876638e+006
    -1.19875388e+006 -1.19875025e+006 -1.19874988e+006 -1198753.
    -1.19875650e+006 -1198762. -1.19876713e+006 -1.19876650e+006
    -1198767. -1.19876313e+006 -1.19876038e+006 -1.19875813e+006
    -1198760. -1.19876075e+006 -1198768. -1.19878263e+006
    -1.19879963e+006 -1.19881825e+006 -1.19882575e+006 -1.19882713e+006
    -1198821. -1.19880063e+006 -1.19877725e+006 -1.19876113e+006
    -1.19875713e+006 -1.19875875e+006 -1.19876063e+006 -1.19876113e+006
